'ent_coef': 1.13368963926511E-07
'vf_coef': 0.047013467
'gamma': 0.95
'learning_rate': 0.289785309
'lr_schedule': 'linear'
'n_steps': 32
'policy_kwargs': dict(act_fun=tf.nn.relu, net_arch=[32, 32])
